5;0.2636825846920321
6;0.6517860315190335
7;1.4820287346341867
8;3.1567708041222984
9;6.377972479515774
10;12.33325959400915
11;22.97990538677241
12;41.470978371120935
13;72.78527638038229
14;124.64601981015572
15;208.8444360129874
16;343.12565110699165
17;553.848651276281
18;879.703183675576
19;1376.8589823842892
20;2126.0424351388137
21;3242.189986097816
22;4887.525178343734
23;7289.158386056855
24;10762.628669371332
25;15743.212646577706
26;22827.336463681277
27;32827.06908718565
28;46841.479019711565
29;66349.63955332644
30;93331.31521574901
31;130422.90905035399
32;181118.16311190752
33;250025.462940707
34;343196.4968322191
35;468544.57765809615
36;636375.2867608367
37;860057.410881761
38;1156868.6108140035
39;1549058.1186077427
40;2065178.2869465356
41;2741748.3399222745
42;3625327.589971842
43;4775092.153765247
44;6266029.366587895
45;8192888.304289388
46;10675053.832463259
47;13862546.305658411
48;17943390.4817499
49;23152646.625215415
50;29783455.584807705
51;38200519.526129745
52;48856522.940210916
53;62312096.82422989
54;79260045.20682079
55;100554690.57113445
56;127247356.82117344
57;160629199.42888907
58;202282817.14836687
59;254144343.81644058
60;318578028.7887234
61;398465678.0159171
62;497313753.3431367
63;619381425.3492159
64;769833456.4991649
65;954922469.8810997
66;1182205949.6642084
67;1460804240.2621565
68;1801706882.2489045
69;2218135867.5656247
70;2725975841.093857
71;3344282950.7389317
72;4095885988.664602
73;5008095712.151601
74;6113540829.319827
75;7451152134.729149
76;9067319742.055376
77;11017252353.363968
78;13366572104.113712
79;16193183817.76414
80;19589463593.624763
81;23664818649.957783
82;28548678380.33285
83;34393985801.28023
84;41381269139.51939
85;49723385415.80118
86;59671041743.00728
87;71519215910.19827
88;85614615945.04126
89;102364339043.52179
90;122245913877.2498
91;145818937229.3612
92;173738546615.07538
93;206771005514.50717
94;245811717649.22556
95;291906032008.1632
96;346273251790.6218
97;410334318892.60986
98;485743711926.435
99;574426171054.0706
100;678618948280.6305
101;800920378584.1829
102;944345676799.6434
103;1112390989150.2441
104;1309106868550.9114
105;1539182501332.6372
106;1808042192141.1614
107;2121955816003.8462
108;2488165174798.9565
109;2915028452801.623
110;3412185256201.2886
111;3990745048483.2227
112;4663502161812.265
113;5445180979032.358
114;6352715347170.614
115;7405566807611.9795
116;8626086817313.053
117;10039928797264.88
118;11676516587478.148
119;13569576721628.8
120;15757742869799.203
121;18285241846339.086
122;21202671754915.223
123;24567884158962.188
124;28446983639272.887
125;32915459749430.594
126;38059468224265.516
127;43977280358797.02
128;50780921779877.09
129;58598024407431.58
130;67573918277145.984
131;77873993105339.73
132;89686363056931.14
133;103224872170101.6
134;118732482342239.78
135;136485090741573.95
136;156795829033615.84
137;180019902962892.0
138;206560037677012.66
139;236872601797380.88
140;271474491712402.84
141;310950866987005.75
142;355963838248664.44
143;407262220536900.75
144;465692478014932.0
145;532211000274740.25
146;607897866371722.6
147;693972270367904.8
148;791809801726562.8
149;902961795587770.6
150;1029176991985518.4
151;1172425769687021.8
152;1334927249812954.8
153;1519179597028363.5
154;1727993882204453.2
155;1964531910397729.2
156;2232348462169476.0
157;2535438445105394.0
158;2878289506368649.5
159;3265940716750311.0
160;3704048002539147.5
161;4198957074248790.0
162;4757784681501772.0
163;5388509111931618.0
164;6100070949657119.0
165;6902485216612709.0
166;7806966138785012.0
167;8826065910293383.0
168;9973828972466790.0
169;1.1265963483906578e+16
170;1.2720031832429506e+16
171;1.4355662232323896e+16
172;1.619478366223189e+16
173;1.82618866320883e+16
174;2.0584312523938348e+16
175;2.3192574533380828e+16
176;2.612071354829255e+16
177;2.9406692642070744e+16
178;3.3092834232807788e+16
179;3.722630437080507e+16
180;4.185964906813819e+16
181;4.705138807939348e+16
182;5.286667208645785e+16
183;5.93780098367878e+16
184;6.666607243904211e+16
185;7.482058273756024e+16
186;8.394129847402219e+16
187;9.413909880700846e+16
188;1.0553718470521747e+17
189;1.1827240476542275e+17
190;1.3249671914019467e+17
191;1.4837881550210448e+17
192;1.6610589233038787e+17
193;1.8588562629379235e+17
194;2.079483421311467e+17
195;2.325494052119801e+17
196;2.599718589071132e+17
197;2.905293310287204e+17
198;3.245692359272919e+17
199;3.624763013772761e+17
200;4.046764521631728e+17
201;4.516410853149383e+17
202;5.038917752583362e+17
203;5.620054507678557e+17
204;6.266200895636169e+17
205;6.984409807090854e+17
206;7.782476096755457e+17
207;8.669012260765254e+17
208;9.653531596788e+17
209;1.0746539564071898e+18
210;1.1959634127223276e+18
211;1.3305615940121866e+18
212;1.4798609305524357e+18
213;1.645419493212619e+18
214;1.8289555604791593e+18
215;2.0323635985951665e+18
216;2.2577317877573284e+18
217;2.507361239437066e+18
218;2.7837870630925957e+18
219;3.0898014549035576e+18
220;3.428478996788118e+18
221;3.8032043709633613e+18
222;4.2177027137994865e+18
223;4.67607285282401e+18
224;5.182823692588449e+18
225;5.74291403886933e+18
226;6.361796176492894e+18
227;7.045463544125722e+18
228;7.800502879848391e+18
229;8.634151244426853e+18
230;9.554358365139184e+18
231;1.0569854782038606e+19
232;1.169022632089288e+19
233;1.2925995463014273e+19
234;1.4288710232080787e+19
235;1.5791041272173244e+19
236;1.7446887849959932e+19
237;1.9271493577630347e+19
238;2.1281572722223464e+19
239;2.349544804183916e+19
240;2.5933201170362274e+19
241;2.861683666024743e+19
242;3.15704608881982e+19
243;3.482047713179255e+19
244;3.8395798236911714e+19
245;4.232807841692445e+19
246;4.665196585570457e+19
247;5.140537792849493e+19
248;5.66298010083312e+19
249;6.2370616991997895e+19
250;6.867745885950138e+19
251;7.560459777570669e+19
252;8.321136445343113e+19
253;9.156260772508895e+19
254;1.0072919351629894e+20
255;1.1078854768126756e+20
256;1.2182524644765172e+20
257;1.339316585298525e+20
258;1.47208643306065e+20
259;1.617663098177695e+20
260;1.7772484174307243e+20
261;1.952153939193624e+20
262;2.1438106644888646e+20
263;2.3537796291542e+20
264;2.583763397743535e+20
265;2.8356185455506748e+20
266;3.111369211367187e+20
267;3.413221810301749e+20
268;3.7435810032371827e+20
269;4.105067027315692e+20
270;4.5005345002824276e+20
271;4.933092820609189e+20
272;5.406128295133511e+20
273;5.923328136523882e+20
274;6.488706484287189e+20
275;7.106632615325073e+20
276;7.78186152329587e+20
277;8.51956706031567e+20
278;9.32537784991331e+20
279;1.0205416196730872e+21
280;1.116634023630741e+21
281;1.2215389587514534e+21
282;1.336043479091589e+21
283;1.4610030838613515e+21
284;1.5973475125147334e+21
285;1.74608701748461e+21
286;1.9083191528834948e+21
287;2.0852361204822437e+21
288;2.2781327174995542e+21
289;2.488414934197373e+21
290;2.7176092530048096e+21
291;2.9673727048998023e+21
292;3.23950374308732e+21
293;3.5359539986480234e+21
294;3.8588409878128194e+21
295;4.210461845874665e+21
296;4.59330816850663e+21
297;5.010082047441534e+21
298;5.463713394117762e+21
299;5.957378652037856e+21
300;6.494521006262385e+21
301;7.0788722067044e+21
302;7.714476130741895e+21
303;8.405714220176922e+21
304;9.157332937776206e+21
305;9.974473399590634e+21
306;1.0862703351018006e+22
307;1.1828051667203108e+22
308;1.2877045571924215e+22
309;1.4016750783659875e+22
310;1.5254814813142076e+22
311;1.659951365343948e+22
312;1.8059802121581548e+22
313;1.964536813000271e+22
314;2.1366691186737316e+22
315;2.3235105445468827e+22
316;2.5262867650279192e+22
317;2.7463230345423624e+22
318;2.985052074774941e+22
319;3.244022570865467e+22
320;3.524908322382937e+22
321;3.829518098263641e+22
322;4.159806248500579e+22
323;4.517884129227725e+22
324;4.906032401976947e+22
325;5.326714272310735e+22
326;5.782589737775326e+22
327;6.276530920194382e+22
328;6.811638562760254e+22
329;7.3912597781986645e+22
330;8.019007140513574e+22
331;8.6987792194851e+22
332;9.434782664234404e+22
333;1.023155594980272e+23
334;1.1093994908868263e+23
335;1.2027380179467057e+23
336;1.3037406708937165e+23
337;1.4130215464317045e+23
338;1.531242751012417e+23
339;1.659118062589457e+23
340;1.7974168648098932e+23
341;1.9469683734139457e+23
342;2.1086661760124932e+23
343;2.283473107908e+23
344;2.4724264882236146e+23
345;2.676643742312947e+23
346;2.8973284382514358e+23
347;3.135776767159098e+23
348;3.393384499192387e+23
349;3.6716544492677974e+23
350;3.972204488962218e+23
351;4.296776143574665e+23
352;4.6472438160504754e+23
353;5.02562468236734e+23
354;5.4340893060796386e+23
355;5.8749730230208075e+23
356;6.350788150695502e+23
357;6.864237080658117e+23
358;7.418226316197795e+23
359;8.015881521938701e+23
360;8.660563656547354e+23
361;9.35588626462771e+23
362;1.0105734009093018e+24
363;1.0914282530876314e+24
364;1.1786019728769647e+24
365;1.272576855851647e+24
366;1.3738711457035557e+24
367;1.4830416504852563e+24
368;1.6006865447499706e+24
369;1.7274483704829004e+24
370;1.8640172505921e+24
371;2.0111343296566135e+24
372;2.1695954576240585e+24
373;2.340255133204618e+24
374;2.524030724837845e+24
375;2.7219069883090515e+24
376;2.9349409013711644e+24
377;3.1642668370939474e+24
378;3.4111020991131527e+24
379;3.676752843501625e+24
380;3.9626204136330795e+24
381;4.2702081161646433e+24
382;4.601128468136083e+24
383;4.957110947174447e+24
384;5.340010278914382e+24
385;5.751815298002565e+24
386;6.194658421459523e+24
387;6.670825775731116e+24
388;7.182768021487345e+24
389;7.733111923123846e+24
390;8.324672713013047e+24
391;8.960467303829663e+24
392;9.643728405774515e+24
393;1.037791960924107e+25
394;1.11667514974188e+25
395;1.20141988575438e+25
396;1.2924519063980419e+25
397;1.3902271711079964e+25
398;1.495233957882893e+25
399;1.6079951019683858e+25
400;1.7290703860720025e+25
401;1.8590590921308005e+25
402;1.9986027253012954e+25
403;2.1483879215283428e+25
404;2.3091495507838315e+25
405;2.4816740288406137e+25
406;2.6668028512765852e+25
407;2.8654363642815816e+25
408;3.078537787772557e+25
409;3.307137507316614e+25
410;3.5523376524131856e+25
411;3.8153169798094832e+25
412;4.097336081711011e+25
413;4.399742940013142e+25
414;4.723978849024226e+25
415;5.071584730573812e+25
416;5.444207866915873e+25
417;5.8436090784441475e+25
418;6.271670374945402e+25
419;6.7304031109272065e+25
420;7.221956677484372e+25
421;7.748627765210022e+25
422;8.312870234826172e+25
423;8.917305634514212e+25
424;9.564734405362455e+25
425;1.0258147818952207e+26
426;1.100074069384496e+26
427;1.1795924940659493e+26
428;1.2647343988527704e+26
429;1.3558888149002511e+26
430;1.4534710976976435e+26
431;1.5579246691878786e+26
432;1.669722872633273e+26
433;1.789370947362266e+26
434;1.9174081309734727e+26
435;2.0544098970419563e+26
436;2.2009903368677274e+26
437;2.3578046943349246e+26
438;2.5255520635065042e+26
439;2.704978259171453e+26
440;2.8968788711900133e+26
441;3.102102514144405e+26
442;3.321554284512034e+26
443;3.55619943831891e+26
444;3.807067303029853e+26
445;4.075255438263967e+26
446;4.3619340608184236e+26
447;4.668350750422879e+26
448;4.995835453644218e+26
449;5.345805804421754e+26
450;5.719772780829172e+26
451;6.119346718850014e+26
452;6.546243705205371e+26
453;7.00229237261057e+26
454;7.489441122238331e+26
455;8.009765799667638e+26
456;8.56547785217221e+26
457;9.158932996878206e+26
458;9.792640431094183e+26
459;1.0469272617992675e+27
460;1.1191675682803581e+27
461;1.1962880456792105e+27
462;1.2786114208511748e+27
463;1.3664813104177047e+27
464;1.460263544150447e+27
465;1.5603475703996235e+27
466;1.6671479485439864e+27
467;1.7811059337349923e+27
468;1.9026911595203657e+27
469;2.0324034242626398e+27
470;2.170774587619295e+27
471;2.3183705837189764e+27
472;2.475793558062577e+27
473;2.6436841355895804e+27
474;2.8227238277897147e+27
475;3.0136375872025014e+27
476;3.217196518136831e+27
477;3.4342207529617974e+27
478;3.665582503865841e+27
479;3.912209300562987e+27
480;4.1750874250344665e+27
481;4.4552655550439375e+27
482;4.753858628845617e+27
483;5.072051944232149e+27
484;5.411105505828697e+27
485;5.772358635352823e+27
486;6.157234860408687e+27
487;6.567247098290929e+27
488;7.00400315222492e+27
489;7.469211538476784e+27
490;7.964687663835893e+27
491;8.49236037409139e+27
492;9.054278895317464e+27
493;9.652620191035206e+27
494;1.02896967596468e+28
495;1.0967964897936376e+28
496;1.169003345791324e+28
497;1.2458673125837114e+28
498;1.3276826253909941e+28
499;1.4147617276869736e+28
500;1.5074363747555605e+28
501;1.6060588027457222e+28
502;1.711002967031934e+28
503;1.8226658539027436e+28
504;1.94146886983022e+28
505;2.067859312812875e+28
506;2.2023119305404183e+28
507;2.3453305703977653e+28
508;2.4974499266090277e+28
509;2.659237390122129e+28
510;2.8312950071511255e+28
511;3.014261552626506e+28
512;3.208814725156539e+28
513;3.415673470473028e+28
514;3.6356004407285203e+28
515;3.86940459742427e+28
516;4.117943966185661e+28
517;4.382128552059764e+28
518;4.662923424499528e+28
519;4.961351981706028e+28
520;5.278499404545246e+28
521;5.61551631082103e+28
522;5.973622621292062e+28
523;6.354111649447217e+28
524;6.758354427729709e+28
525;7.187804283599259e+28
526;7.6440016795658125e+28
527;8.128579332113232e+28
528;8.643267625255602e+28
529;9.189900335338227e+28
530;9.770420684617348e+28
531;1.0386887742112956e+29
532;1.104148319125699e+29
533;1.1736518484926151e+29
534;1.2474442409584795e+29
535;1.3257849081461735e+29
536;1.408948639892686e+29
537;1.4972264976584571e+29
538;1.590926758796568e+29
539;1.690375914520502e+29
540;1.795919724561081e+29
541;1.907924331669297e+29
542;2.0267774392912213e+29
543;2.152889555925315e+29
544;2.286695309860091e+29
545;2.428654838194731e+29
546;2.5792552542543403e+29
547;2.7390121977356574e+29
548;2.908471472154599e+29
549;3.0882107744135895e+29
550;3.278841521567363e+29
551;3.4810107801411214e+29
552;3.695403303641651e+29
553;3.9227436842105595e+29
554;4.163798624682698e+29
555;4.4193793376566815e+29
556;4.690344078534259e+29
557;4.977600819861865e+29
558;5.2821100746993615e+29
559;5.604887877156355e+29
560;5.947008928670598e+29
561;6.309609919062939e+29
562;6.693893031885196e+29
563;7.101129644084935e+29
564;7.532664230546356e+29
565;7.989918484628613e+29
566;8.474395666413364e+29
567;8.987685190997933e+29
568;9.531467469823255e+29
569;1.0107519018718754e+30
570;1.071771784706377e+30
571;1.136404914323654e+30
572;1.2048611272317884e+30
573;1.2773622102862938e+30
574;1.3541425680438235e+30
575;1.4354499266562376e+30
576;1.5215460762660472e+30
577;1.6127076539681068e+30
578;1.7092269695108155e+30
579;1.8114128760242725e+30
580;1.9195916881824306e+30
581;2.0341081503334403e+30
582;2.1553264572635713e+30
583;2.2836313304015627e+30
584;2.419429152414449e+30
585;2.56314916330274e+30
586;2.7152447212620015e+30
587;2.8761946317513605e+30
588;3.046504548385341e+30
589;3.226708449456035e+30
590;3.417370194088856e+30
591;3.6190851622438646e+30
592;3.832481982992594e+30
593;4.0582243557298804e+30
594;4.297012969221142e+30
595;4.549587523640167e+30
596;4.816728861016392e+30
597;5.099261209793006e+30
598;5.398054549489254e+30
599;5.714027101769778e+30