10;0.22995120069972472;0.23047568210058672;0.23040843210037565;0.23110039129969664
20;0.2300539973013656;0.23034754730033455;0.2302555736998329;0.2307776436002314
30;0.23013909049986978;0.230263735299377;0.23024282400037918;0.23078515930064897
40;0.2315184094997676;0.230287464399953;0.2308872939000139;0.23140529580050498
50;0.23024962069976027;0.23023871460100054;0.23030464130097245;0.2309936055997241
60;0.23248176279994368;0.23055715020018397;0.23159898209996754;0.23148669109941694
70;0.2301013612999668;0.23027050619930378;0.23046297869987029;0.2307503001000441
80;0.230375968899898;0.2309881058001338;0.23035778699995718;0.230771549799465
90;0.23048839529983525;0.23024624589961604;0.23034188610035927;0.23083036720017844
100;0.2307432790996245;0.2310290271998383;0.2304495415006386;0.2321813377999206
110;0.23253840830038824;0.2312810310999339;0.23157815409977048;0.23189551679861325
120;0.23155279500024334;0.2308465336005611;0.2308414819999598;0.23135039509979832
130;0.23106152179934725;0.23088059070032613;0.2307483415999741;0.2312653748998855
140;0.23120138019949082;0.2309911162006756;0.23111996469997392;0.2313735565996467
150;0.23153561800027092;0.23089647060114657;0.23087012199976015;0.2315092378998088
160;0.23122261490061646;0.23097019939923485;0.23091424689955603;0.23174155429951498
170;0.4619576281987975;0.4615702402013994;0.461551255899758;0.46250775509979575
180;0.46186571230064144;0.4617873791994498;0.4616215370999271;0.4626263424994249
190;0.4618817539008887;0.4615322138986812;0.46146368329973486;0.46252780679969874
200;0.4623584066990588;0.46208505950053225;0.46197495619999246;0.4637226433005708
210;0.4622070018998784;0.46155542739943484;0.4615809900005843;0.46260345719892937
220;0.46198357089997444;0.46149144880073434;0.4615725005998684;0.46266332179984604
230;0.4620329868987028;0.46149037619943556;0.4615467610998166;0.46247746349945373
240;0.4620931795991055;0.4615531931980513;0.46162716149920013;0.46286148200051686
250;0.46221046010032296;0.4615389538012096;0.4615719221998006;0.46251679130036794
260;0.46328882799934945;0.46189646709972293;0.4619341961999453;0.46312200100001066
270;0.46203432059955957;0.4619002642004489;0.46157840640080394;0.46254830189936913
280;0.4620446851007728;0.46144205359996704;0.4615529955000966;0.46257849959911257
290;0.4620427005011152;0.46157774010061986;0.461538583899528;0.46251080720030585
300;0.4622108616011246;0.4615665889999946;0.4618434102005267;0.4628501849998429
310;0.4621836424987123;0.46147763660010244;0.46153736529959133;0.4624989064992405
320;0.46297366859907924;0.4618893269005639;0.46172755660045367;0.46347731669993664
330;0.46486968280005386;0.4619305764001183;0.46172807260008997;0.4636872320010298
340;0.6929999319010676;0.694831164700372;0.6923874927015277;0.6939880037007242
350;0.693304560100296;0.6932097894008621;0.6925498355991294;0.6937114580003254
360;0.6929682079018675;0.6925479343008192;0.6922437538996746;0.6937667860995134
370;0.6941987417994824;0.6927085846004047;0.692441878200043;0.6945334639996872
380;0.6934345488996769;0.6922903897007927;0.6926045749998593;0.6940139306989295
390;0.6930049264010449;0.692315367899937;0.6922721811992233;0.6938197130992194
400;0.6930429365991586;0.6922003949006467;0.6922608998003852;0.694008305299576
410;0.6935757093004213;0.6927226366991818;0.6938136973003566;0.6940082479995908
420;0.6930301501000941;0.692347711999173;0.6922541444000672;0.6937418643999991
430;0.6929665308009134;0.6924577734007471;0.6922333740996691;0.6937973383999634
440;0.6930571343007614;0.6922615039995434;0.6922254054992664;0.69393112880025
450;0.6934129234017746;0.693409377098942;0.6930540772998939;0.6942030441001407
460;0.693188258599912;0.6923795450995385;0.6925696793005045;0.693804822499078
470;0.6933063882996067;0.692225269499977;0.6922785455004486;0.6937067031994957
480;0.6963147127982665;0.695202177799365;0.693783635100408;0.6942042573995423
490;0.6930161245007185;0.6921695510995051;0.6925623824001377;0.6936325475999183
500;0.9244895185987844;0.9233915775999776;0.9241793438020978;0.9253702058002091
583;0.9238821217008081;0.9229108721003285;0.9228085235990875;0.9249362810012827
666;1.1548776437000925;1.154408787700595;1.1539686236981652;1.1560992088987405
749;1.154391459100225;1.1534300020019146;1.1537003545003244;1.1556356020006207
832;1.3856419965002715;1.3855663201989956;1.3852099439995071;1.388545963800425
915;1.3868915403007123;1.384882213799574;1.3849650686988753;1.3879301041990402
998;1.6171650086991576;1.61594315349721;1.6158993193985225;1.6199871638022159
1081;1.617041063398574;1.6153697958998237;1.6155303217994514;1.6187174468017473
1164;1.8492357132006874;1.8464279302013893;1.8461463945994183;1.8506708872017044
1247;1.8507766221013298;1.8471348775005025;1.8477060422992508;1.8521296275026544
1330;2.0792909563984723;2.0770796074019016;2.0769231768997996;2.081440689899682
1413;2.080827591599882;2.0770427209015905;2.077247731200623;2.0826132616992252
1496;2.3111542399994507;2.3087513166989084;2.3078786508980556;2.3142482793002275
1579;2.3117302255002867;2.3082000276011967;2.308803339500082;2.312819577600385
1662;2.5422714965010527;2.539213687399024;2.539752882198445;2.544227413900444
1745;2.542894960501144;2.5390297482957975;2.5400896978004313;2.544324979801604
1828;2.774168769503376;2.769957416199395;2.7708509844003855;2.775821314901987
1911;2.7752393557999313;2.770398075698904;2.770031980798376;2.7765062987997227
1994;3.0064893082006163;3.0019949998019;3.0010721826023654;3.00748238809756
2077;3.004783919998954;3.000570064002022;3.0013576359990113;3.0072964612987563
2160;3.2354625024003325;3.231264842600649;3.2317017569992457;3.238212970699169
2243;3.223374805198546;3.2188382781001565;3.218537320299947;3.2266523780042915
2326;3.4530660588028694;3.4469978186021764;3.446867284498876;3.454845454002134
2409;3.4524677261011676;3.447167946202171;3.448623067900917;3.454470974797732
2492;3.6838959808981597;3.677501334200497;3.6784485956992286;3.6863269559984473
2575;3.6827995692001423;3.6775139375986328;3.6774336517009942;3.6862271307014454
2658;3.912539775501864;3.906943409901578;3.907126552101181;3.91524749400196
2741;3.9134088366976356;3.907148316403254;3.9076248787019723;3.915421337299631
2824;4.145142736100752;4.138699469401763;4.1380854752973395;4.148438792498564
2907;4.161212165403413;4.155341154499547;4.1548015606029365;4.165406705799251
2990;4.392675965297895;4.386402109701157;4.385951777698938;4.394913350002753
3073;4.393403749506251;4.385347061302309;4.385911592302364;4.395319487601228
3156;4.625357412097946;4.619095819403446;4.61688279299924;4.62878094789703
3239;4.624293834793934;4.615783632292005;4.616718106493499;4.625870881301671
3322;4.8561269555983015;4.849962481698458;4.848500497402711;4.860651818193583
